order,epoch,error_rate
1,1,0.233236
1,2,0.214286
1,3,0.227405
1,4,0.217201
1,5,0.220117
1,6,0.218659
1,7,0.166181
1,8,0.14723
1,9,0.255102
1,10,0.144315
1,11,0.262391
1,12,0.247813
1,13,0.255102
1,14,0.247813
1,15,0.225948
1,16,0.234694
1,17,0.240525
1,18,0.150146
1,19,0.223032
1,20,0.14723
1,21,0.174927
1,22,0.265306
1,23,0.272595
1,24,0.262391
1,25,0.262391
1,26,0.265306
1,27,0.278426
1,28,0.262391
1,29,0.260933
1,30,0.265306
1,31,0.260933
1,32,0.260933
1,33,0.265306
1,34,0.259475
1,35,0.258017
1,36,0.259475
1,37,0.259475
1,38,0.260933
1,39,0.258017
1,40,0.259475
1,41,0.258017
1,42,0.259475
1,43,0.259475
1,44,0.265306
1,45,0.272595
1,46,0.259475
1,47,0.259475
1,48,0.255102
1,49,0.259475
1,50,0.259475
2,1,0.126822
2,2,0.176385
2,3,0.0962099
2,4,0.0860058
2,5,0.0845481
2,6,0.0889213
2,7,0.188047
2,8,0.202624
2,9,0.189504
2,10,0.0874636
2,11,0.0962099
2,12,0.118076
2,13,0.198251
2,14,0.0947522
2,15,0.201166
2,16,0.183673
2,17,0.0830904
2,18,0.169096
2,19,0.185131
2,20,0.174927
2,21,0.174927
2,22,0.183673
2,23,0.174927
2,24,0.176385
2,25,0.172012
2,26,0.158892
2,27,0.161808
2,28,0.176385
2,29,0.180758
2,30,0.183673
2,31,0.167638
2,32,0.166181
2,33,0.169096
2,34,0.139942
2,35,0.161808
2,36,0.144315
2,37,0.134111
2,38,0.170554
2,39,0.0816327
2,40,0.166181
2,41,0.174927
2,42,0.137026
2,43,0.185131
2,44,0.137026
2,45,0.166181
2,46,0.12828
2,47,0.0801749
2,48,0.0830904
2,49,0.19242
2,50,0.198251
3,1,0.0612245
3,2,0.00291545
3,3,0.0145773
3,4,0.0670554
3,5,0.00145773
3,6,0.00145773
3,7,0.00145773
3,8,0.00145773
3,9,0.00145773
3,10,0.00145773
3,11,0.00145773
3,12,0.00145773
3,13,0.00145773
3,14,0.00145773
3,15,0.00145773
3,16,0.00145773
3,17,0.00145773
3,18,0.00145773
3,19,0.00145773
3,20,0.00145773
3,21,0.00145773
3,22,0.00145773
3,23,0.00145773
3,24,0.00145773
3,25,0.00145773
3,26,0.00145773
3,27,0.00145773
3,28,0.00145773
3,29,0.00145773
3,30,0.00145773
3,31,0.00145773
3,32,0.00145773
3,33,0.00145773
3,34,0.00145773
3,35,0.00145773
3,36,0.00145773
3,37,0.00145773
3,38,0.00145773
3,39,0.00145773
3,40,0.00145773
3,41,0.00145773
3,42,0.00145773
3,43,0.00145773
3,44,0.00145773
3,45,0.00145773
3,46,0.00145773
3,47,0.00145773
3,48,0.00145773
3,49,0.00145773
3,50,0.00145773
4,1,0.123907
4,2,0.0976676
4,3,0.048105
4,4,0.03207
4,5,0.0262391
4,6,0.0247813
4,7,0.0262391
4,8,0.0131195
4,9,0.00874636
4,10,0.00728863
4,11,0.0102041
4,12,0.0349854
4,13,0.0364431
4,14,0.00437318
4,15,0.00437318
4,16,0.00437318
4,17,0.00437318
4,18,0.00437318
4,19,0.00437318
4,20,0.00437318
4,21,0.00437318
4,22,0.00437318
4,23,0.00437318
4,24,0.00437318
4,25,0.00437318
4,26,0.00437318
4,27,0.00437318
4,28,0.00437318
4,29,0.00437318
4,30,0.00437318
4,31,0.00437318
4,32,0.00437318
4,33,0.00437318
4,34,0.00437318
4,35,0.00437318
4,36,0.00437318
4,37,0.00437318
4,38,0.00437318
4,39,0.00437318
4,40,0.00437318
4,41,0.00437318
4,42,0.00437318
4,43,0.00437318
4,44,0.00437318
4,45,0.00437318
4,46,0.00437318
4,47,0.00437318
4,48,0.00437318
4,49,0.00437318
4,50,0.00437318
5,1,0.54519
5,2,0.54519
5,3,0.54519
5,4,0.54519
5,5,0.54519
5,6,0.54519
5,7,0.54519
5,8,0.54519
5,9,0.54519
5,10,0.54519
5,11,0.54519
5,12,0.54519
5,13,0.54519
5,14,0.54519
5,15,0.54519
5,16,0.54519
5,17,0.54519
5,18,0.54519
5,19,0.54519
5,20,0.54519
5,21,0.54519
5,22,0.54519
5,23,0.54519
5,24,0.54519
5,25,0.54519
5,26,0.54519
5,27,0.54519
5,28,0.54519
5,29,0.54519
5,30,0.54519
5,31,0.54519
5,32,0.54519
5,33,0.54519
5,34,0.54519
5,35,0.54519
5,36,0.54519
5,37,0.54519
5,38,0.54519
5,39,0.54519
5,40,0.54519
5,41,0.54519
5,42,0.54519
5,43,0.54519
5,44,0.54519
5,45,0.54519
5,46,0.54519
5,47,0.54519
5,48,0.54519
5,49,0.54519
5,50,0.54519
6,1,0.0524781
6,2,0.0204082
6,3,0.540816
6,4,0.540816
6,5,0.540816
6,6,0.540816
6,7,0.540816
6,8,0.540816
6,9,0.540816
6,10,0.540816
6,11,0.540816
6,12,0.540816
6,13,0.540816
6,14,0.540816
6,15,0.540816
6,16,0.540816
6,17,0.540816
6,18,0.540816
6,19,0.540816
6,20,0.540816
6,21,0.540816
6,22,0.540816
6,23,0.540816
6,24,0.540816
6,25,0.540816
6,26,0.540816
6,27,0.540816
6,28,0.540816
6,29,0.540816
6,30,0.540816
6,31,0.540816
6,32,0.540816
6,33,0.540816
6,34,0.540816
6,35,0.540816
6,36,0.540816
6,37,0.540816
6,38,0.540816
6,39,0.540816
6,40,0.540816
6,41,0.540816
6,42,0.540816
6,43,0.540816
6,44,0.540816
6,45,0.540816
6,46,0.540816
6,47,0.540816
6,48,0.540816
6,49,0.540816
6,50,0.540816
