order=1
epoch#,correct,incorrect,error_rate
0,47,28,0.373333
1,46,29,0.386667
2,46,29,0.386667
3,46,29,0.386667
4,46,29,0.386667
5,46,29,0.386667
6,46,29,0.386667
7,46,29,0.386667
8,46,29,0.386667
9,46,29,0.386667
10,46,29,0.386667
11,46,29,0.386667
12,46,29,0.386667
13,46,29,0.386667
14,46,29,0.386667
15,46,29,0.386667
16,46,29,0.386667
17,46,29,0.386667
18,46,29,0.386667
19,46,29,0.386667
20,46,29,0.386667
21,46,29,0.386667
22,46,29,0.386667
23,46,29,0.386667
24,46,29,0.386667
25,46,29,0.386667
26,46,29,0.386667
27,46,29,0.386667
28,46,29,0.386667
29,46,29,0.386667
30,46,29,0.386667
31,46,29,0.386667
32,46,29,0.386667
33,46,29,0.386667
34,46,29,0.386667
35,46,29,0.386667
36,46,29,0.386667
37,46,29,0.386667
38,46,29,0.386667
39,46,29,0.386667
40,46,29,0.386667
41,46,29,0.386667
42,46,29,0.386667
43,46,29,0.386667
44,46,29,0.386667
45,46,29,0.386667
46,46,29,0.386667
47,46,29,0.386667
48,46,29,0.386667
49,46,29,0.386667
order=2
epoch#,correct,incorrect,error_rate
0,46,29,0.386667
1,48,27,0.36
2,49,26,0.346667
3,58,17,0.226667
4,42,33,0.44
5,58,17,0.226667
6,57,18,0.24
7,61,14,0.186667
8,61,14,0.186667
9,60,15,0.2
10,60,15,0.2
11,56,19,0.253333
12,61,14,0.186667
13,58,17,0.226667
14,60,15,0.2
15,61,14,0.186667
16,60,15,0.2
17,58,17,0.226667
18,61,14,0.186667
19,63,12,0.16
20,64,11,0.146667
21,62,13,0.173333
22,64,11,0.146667
23,60,15,0.2
24,63,12,0.16
25,58,17,0.226667
26,58,17,0.226667
27,61,14,0.186667
28,59,16,0.213333
29,59,16,0.213333
30,59,16,0.213333
31,59,16,0.213333
32,60,15,0.2
33,45,30,0.4
34,53,22,0.293333
35,60,15,0.2
36,45,30,0.4
37,59,16,0.213333
38,48,27,0.36
39,53,22,0.293333
40,61,14,0.186667
41,50,25,0.333333
42,57,18,0.24
43,50,25,0.333333
44,48,27,0.36
45,53,22,0.293333
46,46,29,0.386667
47,52,23,0.306667
48,48,27,0.36
49,55,20,0.266667
order=3
epoch#,correct,incorrect,error_rate
0,44,31,0.413333
1,63,12,0.16
2,56,19,0.253333
3,68,7,0.0933333
4,72,3,0.04
5,70,5,0.0666667
6,70,5,0.0666667
7,68,7,0.0933333
8,71,4,0.0533333
9,71,4,0.0533333
10,59,16,0.213333
11,71,4,0.0533333
12,74,1,0.0133333
13,70,5,0.0666667
14,72,3,0.04
15,74,1,0.0133333
16,71,4,0.0533333
17,69,6,0.08
18,71,4,0.0533333
19,71,4,0.0533333
20,64,11,0.146667
21,72,3,0.04
22,64,11,0.146667
23,71,4,0.0533333
24,73,2,0.0266667
25,70,5,0.0666667
26,71,4,0.0533333
27,70,5,0.0666667
28,70,5,0.0666667
29,71,4,0.0533333
30,72,3,0.04
31,71,4,0.0533333
32,71,4,0.0533333
33,70,5,0.0666667
34,72,3,0.04
35,70,5,0.0666667
36,71,4,0.0533333
37,71,4,0.0533333
38,70,5,0.0666667
39,72,3,0.04
40,71,4,0.0533333
41,67,8,0.106667
42,72,3,0.04
43,71,4,0.0533333
44,71,4,0.0533333
45,71,4,0.0533333
46,70,5,0.0666667
47,71,4,0.0533333
48,71,4,0.0533333
49,71,4,0.0533333
order=4
epoch#,correct,incorrect,error_rate
0,46,29,0.386667
1,49,26,0.346667
2,67,8,0.106667
3,58,17,0.226667
4,65,10,0.133333
5,67,8,0.106667
6,69,6,0.08
7,71,4,0.0533333
8,69,6,0.08
9,71,4,0.0533333
10,70,5,0.0666667
11,69,6,0.08
12,70,5,0.0666667
13,71,4,0.0533333
14,70,5,0.0666667
15,70,5,0.0666667
16,71,4,0.0533333
17,72,3,0.04
18,72,3,0.04
19,72,3,0.04
20,72,3,0.04
21,71,4,0.0533333
22,71,4,0.0533333
23,70,5,0.0666667
24,69,6,0.08
25,72,3,0.04
26,71,4,0.0533333
27,73,2,0.0266667
28,71,4,0.0533333
29,71,4,0.0533333
30,72,3,0.04
31,71,4,0.0533333
32,72,3,0.04
33,72,3,0.04
34,72,3,0.04
35,73,2,0.0266667
36,71,4,0.0533333
37,71,4,0.0533333
38,72,3,0.04
39,73,2,0.0266667
40,70,5,0.0666667
41,72,3,0.04
42,73,2,0.0266667
43,70,5,0.0666667
44,72,3,0.04
45,72,3,0.04
46,70,5,0.0666667
47,70,5,0.0666667
48,71,4,0.0533333
49,72,3,0.04
order=5
epoch#,correct,incorrect,error_rate
0,58,17,0.226667
1,48,27,0.36
2,64,11,0.146667
3,54,21,0.28
4,49,26,0.346667
5,58,17,0.226667
6,68,7,0.0933333
7,58,17,0.226667
8,69,6,0.08
9,73,2,0.0266667
10,67,8,0.106667
11,71,4,0.0533333
12,66,9,0.12
13,72,3,0.04
14,72,3,0.04
15,72,3,0.04
16,68,7,0.0933333
17,65,10,0.133333
18,67,8,0.106667
19,72,3,0.04
20,67,8,0.106667
21,72,3,0.04
22,69,6,0.08
23,67,8,0.106667
24,70,5,0.0666667
25,68,7,0.0933333
26,71,4,0.0533333
27,68,7,0.0933333
28,71,4,0.0533333
29,72,3,0.04
30,70,5,0.0666667
31,72,3,0.04
32,71,4,0.0533333
33,71,4,0.0533333
34,68,7,0.0933333
35,71,4,0.0533333
36,69,6,0.08
37,72,3,0.04
38,72,3,0.04
39,72,3,0.04
40,72,3,0.04
41,72,3,0.04
42,72,3,0.04
43,72,3,0.04
44,72,3,0.04
45,71,4,0.0533333
46,71,4,0.0533333
47,71,4,0.0533333
48,71,4,0.0533333
49,71,4,0.0533333
