TESTING:data/haberman.txt
NN=1
(random)
ratio,,TP,FN,FP,TN
2.7777777777777777,,176,49,45,36
2.6666666666666665,,174,42,48,33
2.5555555555555554,,164,43,48,33
2.4444444444444446,,158,40,43,38
2.3333333333333335,,147,42,45,36
2.2222222222222223,,140,40,42,39
2.111111111111111,,131,40,45,36
2,,125,37,40,41
1.8888888888888888,,119,34,40,41
1.7777777777777777,,108,36,42,39
1.6666666666666667,,101,34,38,43
1.5555555555555556,,89,37,37,44
1.4444444444444444,,82,35,33,48
1.3333333333333333,,77,31,35,46
1.2222222222222223,,68,31,33,48
1.1111111111111112,,61,29,33,48
1,,57,24,27,54
(tomek_links)
ratio,links_removed,TP,FN,FP,TN
2.7777777777777777,0,180,45,47,34
2.654320987654321,10,176,39,44,37
2.5308641975308643,20,160,45,45,36
2.4074074074074074,30,153,42,41,40
2.2839506172839505,40,149,36,35,46
2.1604938271604937,50,147,31,34,47
2.037037037037037,60,142,31,30,51
1.9135802469135803,70,137,33,33,48
1.7901234567901234,80,135,30,35,46
1.6666666666666667,90,131,28,32,49
NN=3
(random)
ratio,,TP,FN,FP,TN
2.7777777777777777,,194,31,54,27
2.6666666666666665,,184,32,55,26
2.5555555555555554,,180,27,55,26
2.4444444444444446,,166,32,52,29
2.3333333333333335,,158,31,50,31
2.2222222222222223,,147,33,47,34
2.111111111111111,,144,27,49,32
2,,132,30,48,33
1.8888888888888888,,125,28,47,34
1.7777777777777777,,114,30,45,36
1.6666666666666667,,106,29,47,34
1.5555555555555556,,100,26,42,39
1.4444444444444444,,89,28,42,39
1.3333333333333333,,85,23,39,42
1.2222222222222223,,76,23,40,41
1.1111111111111112,,67,23,37,44
1,,57,24,35,46
(tomek_links)
ratio,links_removed,TP,FN,FP,TN
2.7777777777777777,0,196,29,55,26
2.654320987654321,10,185,30,53,28
2.5308641975308643,20,178,27,51,30
2.4074074074074074,30,172,23,47,34
2.2839506172839505,40,167,18,44,37
2.1604938271604937,50,162,14,44,37
2.037037037037037,60,157,14,41,40
1.9135802469135803,70,152,12,42,39
1.7901234567901234,80,146,14,41,40
1.6666666666666667,90,142,15,37,44
NN=5
(random)
ratio,,TP,FN,FP,TN
2.7777777777777777,,196,29,60,21
2.6666666666666665,,193,23,57,24
2.5555555555555554,,181,26,58,23
2.4444444444444446,,172,26,56,25
2.3333333333333335,,162,27,57,24
2.2222222222222223,,157,23,51,30
2.111111111111111,,149,22,51,30
2,,140,22,50,31
1.8888888888888888,,130,23,46,35
1.7777777777777777,,119,25,44,37
1.6666666666666667,,111,24,44,37
1.5555555555555556,,100,26,43,38
1.4444444444444444,,92,25,41,40
1.3333333333333333,,81,27,41,40
1.2222222222222223,,66,33,40,41
1.1111111111111112,,59,31,39,42
1,,45,36,39,42
(tomek_links)
ratio,links_removed,TP,FN,FP,TN
2.7777777777777777,0,196,29,58,23
2.654320987654321,10,192,23,52,29
2.5308641975308643,20,183,22,52,29
2.4074074074074074,30,178,17,49,32
2.2839506172839505,40,167,18,46,35
2.1604938271604937,50,162,15,46,35
2.037037037037037,60,156,15,46,35
1.9135802469135803,70,153,15,44,37
1.7901234567901234,80,149,16,45,36
1.6666666666666667,90,144,15,41,40
NN=7
(random)
ratio,,TP,FN,FP,TN
2.7777777777777777,,202,23,61,20
2.6666666666666665,,189,27,61,20
2.5555555555555554,,181,26,59,22
2.4444444444444446,,171,27,59,22
2.3333333333333335,,164,25,57,24
2.2222222222222223,,153,27,54,27
2.111111111111111,,137,34,55,26
2,,134,28,53,28
1.8888888888888888,,122,31,54,27
1.7777777777777777,,113,31,52,29
1.6666666666666667,,104,31,53,28
1.5555555555555556,,94,32,51,30
1.4444444444444444,,81,36,48,33
1.3333333333333333,,75,33,48,33
1.2222222222222223,,66,33,39,42
1.1111111111111112,,59,31,38,43
1,,52,29,35,46
(tomek_links)
ratio,links_removed,TP,FN,FP,TN
2.7777777777777777,0,200,25,61,20
2.654320987654321,10,195,20,58,23
2.5308641975308643,20,183,22,55,26
2.4074074074074074,30,176,19,53,28
2.2839506172839505,40,170,15,49,32
2.1604938271604937,50,165,12,46,35
2.037037037037037,60,159,14,44,37
1.9135802469135803,70,150,16,43,38
1.7901234567901234,80,150,13,43,38
1.6666666666666667,90,146,13,42,39
TESTING:data/transfusion.txt
NN=1
(random)
ratio,,TP,FN,FP,TN
3.202247191011236,,80,98,120,450
3.101123595505618,,67,111,97,455
3,,73,105,85,449
2.898876404494382,,77,101,99,417
2.797752808988764,,73,105,70,428
2.696629213483146,,80,98,102,378
2.595505617977528,,85,93,97,365
2.49438202247191,,86,92,99,345
2.393258426966292,,84,94,98,328
2.292134831460674,,85,93,96,312
2.191011235955056,,84,94,99,291
2.0898876404494384,,83,95,92,280
1.9887640449438202,,85,93,80,274
1.8876404494382022,,93,85,89,247
1.7865168539325842,,109,69,109,209
1.6853932584269662,,96,82,78,222
1.5842696629213484,,106,72,87,195
1.4831460674157304,,114,64,108,156
1.3820224719101124,,106,72,79,167
1.2808988764044944,,106,72,68,160
1.1797752808988764,,104,74,61,149
1.0786516853932584,,111,67,66,126
(tomek_links)
ratio,links_removed,TP,FN,FP,TN
3.202247191011236,0,64,114,81,489
3.4719101123595504,10,67,111,86,477
3.702247191011236,20,81,97,135,421
3.646067415730337,30,81,97,115,434
3.5898876404494384,40,71,107,91,450
3.730337078651685,50,73,105,88,447
3.7134831460674156,60,79,99,118,412
3.7134831460674156,70,66,112,93,433
3.657303370786517,80,79,99,94,428
3.601123595505618,90,83,95,117,403
3.544943820224719,100,73,105,87,430
3.4887640449438204,110,82,96,110,403
3.432584269662921,120,83,95,130,375
3.3764044943820224,130,91,87,140,359
3.3202247191011236,140,71,107,84,411
3.264044943820225,150,79,99,96,391
3.207865168539326,160,95,83,123,358
3.151685393258427,170,80,98,102,376
3.095505617977528,180,80,98,105,365
3.039325842696629,190,86,92,107,362
NN=3
(random)
ratio,,TP,FN,FP,TN
3.202247191011236,,68,110,66,504
3.101123595505618,,60,118,48,504
3,,70,108,58,476
2.898876404494382,,66,112,60,456
2.797752808988764,,85,93,90,408
2.696629213483146,,74,104,55,425
2.595505617977528,,85,93,96,366
2.49438202247191,,80,98,81,363
2.393258426966292,,75,103,54,372
2.292134831460674,,80,98,59,349
2.191011235955056,,83,95,80,310
2.0898876404494384,,85,93,78,294
1.9887640449438202,,86,92,63,291
1.8876404494382022,,92,86,75,261
1.7865168539325842,,89,89,68,250
1.6853932584269662,,89,89,71,229
1.5842696629213484,,110,68,89,193
1.4831460674157304,,90,88,56,208
1.3820224719101124,,111,67,80,166
1.2808988764044944,,108,70,73,155
1.1797752808988764,,105,73,70,140
1.0786516853932584,,111,67,69,123
(tomek_links)
ratio,links_removed,TP,FN,FP,TN
3.202247191011236,0,63,115,57,513
3.702247191011236,10,61,117,59,505
3.646067415730337,20,66,112,56,501
3.848314606741573,30,64,114,59,491
3.8876404494382024,40,82,96,98,447
3.9157303370786516,50,69,109,60,480
3.859550561797753,60,68,110,55,483
3.803370786516854,70,69,109,55,477
3.747191011235955,80,71,107,59,466
3.691011235955056,90,78,100,89,434
3.634831460674157,100,64,114,56,464
3.5786516853932584,110,63,115,55,460
3.5224719101123596,120,82,96,90,418
3.466292134831461,130,75,103,79,422
3.4101123595505616,140,74,104,60,435
3.353932584269663,150,82,96,71,419
3.297752808988764,160,72,106,57,427
3.241573033707865,170,84,94,84,395
3.1853932584269664,180,84,94,83,390
3.1292134831460676,190,84,94,83,390
3.0730337078651684,200,84,94,83,390
3.0168539325842696,210,84,94,83,390
NN=5
(random)
ratio,,TP,FN,FP,TN
3.202247191011236,,56,122,45,525
3.101123595505618,,54,124,43,509
3,,57,121,45,489
2.898876404494382,,52,126,39,477
2.797752808988764,,68,110,69,429
2.696629213483146,,61,117,47,433
2.595505617977528,,56,122,44,418
2.49438202247191,,66,112,59,385
2.393258426966292,,72,106,62,364
2.292134831460674,,70,108,62,346
2.191011235955056,,79,99,66,324
2.0898876404494384,,77,101,61,311
1.9887640449438202,,80,98,70,284
1.8876404494382022,,83,95,66,270
1.7865168539325842,,83,95,64,254
1.6853932584269662,,85,93,63,237
1.5842696629213484,,95,83,74,208
1.4831460674157304,,95,83,67,197
1.3820224719101124,,97,81,65,181
1.2808988764044944,,105,73,66,162
1.1797752808988764,,104,74,67,143
1.0786516853932584,,111,67,66,126
(tomek_links)
ratio,links_removed,TP,FN,FP,TN
3.202247191011236,0,52,126,40,530
4.146067415730337,10,54,124,41,522
4.089887640449438,20,62,116,72,485
4.033707865168539,30,61,117,69,481
3.9775280898876404,40,53,125,43,500
3.9213483146067416,50,60,118,52,482
3.865168539325843,60,54,124,47,482
3.808988764044944,70,57,121,49,477
3.752808988764045,80,58,120,51,468
3.696629213483146,90,70,108,78,437
3.640449438202247,100,63,115,73,440
3.5842696629213484,110,62,116,54,453
3.5280898876404496,120,68,110,58,444
3.4719101123595504,130,59,119,47,448
3.4157303370786516,140,58,120,48,442
3.359550561797753,150,55,123,48,438
3.303370786516854,160,67,111,72,405
3.247191011235955,170,55,123,46,423
3.191011235955056,180,66,112,74,388
3.134831460674157,190,64,114,53,406
3.0786516853932584,200,64,114,53,406
3.0224719101123596,210,64,114,53,406
NN=7
(random)
ratio,,TP,FN,FP,TN
3.202247191011236,,51,127,43,527
3.101123595505618,,52,126,47,505
3,,61,117,70,464
2.898876404494382,,59,119,52,464
2.797752808988764,,57,121,49,449
2.696629213483146,,61,117,53,427
2.595505617977528,,61,117,50,412
2.49438202247191,,69,109,72,372
2.393258426966292,,69,109,75,351
2.292134831460674,,62,116,57,351
2.191011235955056,,82,96,96,294
2.0898876404494384,,62,116,54,318
1.9887640449438202,,71,107,51,303
1.8876404494382022,,80,98,72,264
1.7865168539325842,,80,98,76,242
1.6853932584269662,,80,98,62,238
1.5842696629213484,,87,91,72,210
1.4831460674157304,,97,81,77,187
1.3820224719101124,,99,79,71,175
1.2808988764044944,,95,83,64,164
1.1797752808988764,,111,67,75,135
1.0786516853932584,,112,66,70,122
(tomek_links)
ratio,links_removed,TP,FN,FP,TN
3.202247191011236,0,54,124,47,523
4.00561797752809,10,53,125,43,520
4.01123595505618,20,56,122,44,515
3.955056179775281,30,50,128,37,517
3.898876404494382,40,54,124,43,503
3.842696629213483,50,50,128,40,497
3.7865168539325844,60,49,129,38,492
3.730337078651685,70,53,125,43,482
3.6741573033707864,80,62,116,47,472
3.6179775280898876,90,58,120,45,469
3.561797752808989,100,60,118,42,469
3.50561797752809,110,67,111,66,440
3.449438202247191,120,58,120,43,456
3.393258426966292,130,65,113,49,445
3.337078651685393,140,65,113,46,442
3.2808988764044944,150,62,116,47,432
3.2247191011235956,160,79,99,73,399
3.168539325842697,170,72,106,65,399
3.1123595505617976,180,82,96,73,387
3.056179775280899,190,66,112,43,416
3,200,66,112,43,416
2.943820224719101,210,66,112,43,416
